8 0.25407812500000004 0.29073611111111114 0.02210156249999997 0.06725000000000002
5 0.2781328125 0.2911944444444444 0.022351562500000012 0.06999999999999997
3 0.3010390625 0.2914305555555556 0.021835937500000034 0.06954166666666665
4 0.969515625 0.3055277777777778 0.011710937499999829 0.04105555555555556
0 0.9575859375 0.30579166666666663 0.012484375000000015 0.04054166666666666
8 0.9448359375000001 0.3063888888888889 0.0123906250000001 0.04070833333333334
1 0.72709375 0.3460138888888889 0.008874999999999921 0.038902777777777765
7 0.7384609375 0.3461388888888889 0.01099218749999995 0.03865277777777776
1 0.7511640625 0.34726388888888887 0.008726562500000057 0.040416666666666656
11 0.8777578125 0.47838888888888886 0.24447656249999997 0.5956805555555555
11 0.6629609375000001 0.4976805555555555 0.18814843749999993 0.4644999999999999
11 0.285546875 0.5534722222222223 0.57109375 0.8208333333333333