8 0.7197890625000001 0.4769444444444444 0.010875000000000056 0.037194444444444405
7 0.7432421875 0.47883333333333333 0.011757812499999964 0.03669444444444439
5 0.731765625 0.47901388888888885 0.011585937499999944 0.037513888888888874
0 0.3860390625 0.5096944444444444 0.010367187499999986 0.03869444444444446
6 0.39672656249999994 0.5100277777777779 0.010937499999999956 0.04075000000000004
8 0.374484375 0.5107222222222223 0.011140624999999993 0.04075000000000004
11 0.6777109375 0.5408888888888889 0.26453124999999994 0.7206805555555555
8 0.10084375000000001 0.5885972222222222 0.006359374999999989 0.02673611111111111
5 0.107421875 0.589625 0.0059453125000000105 0.026541666666666686
3 0.11399999999999999 0.5902777777777778 0.005937500000000017 0.026361111111111137
11 0.36134374999999996 0.6450555555555556 0.3227578125 0.5462916666666667
11 0.077375 0.6959861111111111 0.15475 0.33025