6 0.760625 0.39787500000000003 0.012796875000000086 0.040861111111111056
6 0.7746562499999999 0.39813888888888893 0.0123046875 0.04031944444444441
6 0.7889062499999999 0.3983611111111111 0.012851562500000035 0.04075000000000004
0 0.155296875 0.4616666666666666 0.005843750000000014 0.022222222222222223
0 0.1492421875 0.46263888888888893 0.005921874999999988 0.022222222222222223
4 0.14303125 0.46298611111111115 0.005374999999999996 0.022916666666666665
0 0.43740625 0.4703472222222222 0.006312499999999943 0.017916666666666636
7 0.4315234375 0.47076388888888887 0.005484374999999986 0.01840277777777778
11 0.4555703125 0.5493611111111112 0.18639062499999998 0.21956944444444448
11 0.19823437500000002 0.5522638888888889 0.26539843750000003 0.26018055555555564
11 0.7268359375 0.5611388888888889 0.2608203125000001 0.4536250000000001