9 0.279546875 0.6127361111111111 0.0029453124999999857 0.015138888888888858
6 0.2851328125 0.6127777777777778 0.0030234375000000036 0.01409722222222219
6 0.282359375 0.6129583333333333 0.002320312500000021 0.014458333333333288
1 0.77578125 0.6194444444444445 0.0046875 0.019444444444444445
7 0.781640625 0.6201388888888889 0.00546875 0.020833333333333332
1 0.78828125 0.6208333333333333 0.0046875 0.022222222222222223
11 0.350875 0.6625694444444445 0.19128906249999997 0.26533333333333337
11 0.5528593749999999 0.6639999999999999 0.12064062500000006 0.16056944444444446
11 0.16864062500000002 0.6775972222222222 0.18423437499999998 0.1148472222222223
11 0.0253515625 0.6847361111111111 0.05069531250000001 0.1221805555555556
11 0.7946093750000001 0.7039444444444444 0.19789843750000005 0.24740277777777778